% Intrinsic and Extrinsic Camera Parameters
% For details regarding the calibration parameters visit http://www.vision.caltech.edu/bouguetj/calib_doc/


%-- Focal length:
fc = [ 6704.926882; 6705.241311 ];

%-- Principal point:
cc = [ 738.251932; 457.560286 ];
%-- Skew coefficient:
alpha_c = 0.000103;

%-- Distortion coefficients:
kc = [-0.125368; -0.097388; -0.003711; -0.000161; 0.000000];


% Extrinsic parameters:

n_ima = 8;
%-- Image #0:
omc_0 = [ 1.918835 ; 0.768994 ; -0.527060 ];
Tc_0 = [ -532.285900 ; 207.183600 ; 2977.408000 ];

%-- 3x4 projection matrix
proj_0 = [ 4265.08 5195.24 -565.379 -1.37072e+06; 1636.7 -1954.5 -6218.58 2.75156e+06; -0.645659 0.624306 -0.439734 2977.41];


%-- Image #1:
omc_1 = [ 2.025148 ; -0.020114 ; -0.030525 ];
Tc_1 = [ -382.960200 ; 356.936300 ; 2658.305000 ];

%-- 3x4 projection matrix
proj_1 = [ 6692.34 657.967 -529.817 -604976; -192.438 -2532.73 -6222.37 3.60968e+06; -0.0127641 0.89847 -0.438849 2658.3];


%-- Image #2:
omc_2 = [ 1.889066 ; -0.802025 ; 0.466251 ];
Tc_2 = [ -26.624130 ; 408.852500 ; 2519.837000 ];

%-- 3x4 projection matrix
proj_2 = [ 5202.72 -4262.99 -509.595 1.68204e+06; -1894.34 -1646.99 -6234.46 3.89443e+06; 0.628109 0.645359 -0.434731 2519.84];


%-- Image #3:
omc_3 = [ 1.509230 ; -1.533975 ; 0.935980 ];
Tc_3 = [ 327.395200 ; 332.688200 ; 2642.864000 ];

%-- 3x4 projection matrix
proj_3 = [ 685.962 -6690.14 -521.996 4.14649e+06; -2471.05 182.906 -6247.4 3.44002e+06; 0.902762 0.0157529 -0.429851 2642.86];


%-- Image #4:
omc_4 = [ 0.877136 ; -2.167762 ; 1.345997 ];
Tc_4 = [ 473.933400 ; 173.982300 ; 2962.724000 ];

%-- 3x4 projection matrix
proj_4 = [ -4225.82 -5227.87 -559.312 5.36505e+06; -1599.2 1895.48 -6246.55 2.52222e+06; 0.653324 -0.623345 -0.42966 2962.72];


%-- Image #5:
omc_5 = [ -0.023684 ; -2.626652 ; 1.656064 ];
Tc_5 = [ 327.147400 ; 24.493770 ; 3287.653000 ];

%-- 3x4 projection matrix
proj_5 = [ -6682.99 -709.306 -579.325 4.62063e+06; 226.875 2478.62 -6242.96 1.66854e+06; 0.0226249 -0.902223 -0.430676 3287.65];


%-- Image #6:
omc_6 = [ 0.932470 ; 2.194539 ; -1.400277 ];
Tc_6 = [ -28.723120 ; -28.982890 ; 3424.269000 ];

%-- 3x4 projection matrix
proj_6 = [ -5222.45 4230.33 -575.627 2.33537e+06; 1930.98 1616.91 -6231.1 1.37247e+06; -0.621296 -0.651692 -0.435075 3424.27];


%-- Image #7:
omc_7 = [ 1.555021 ; 1.530573 ; -0.999290 ];
Tc_7 = [ -383.687400 ; 46.166570 ; 3293.834000 ];

%-- 3x4 projection matrix
proj_7 = [ -716.681 6682.44 -576.522 -140885; 2516.19 -216.244 -6228.29 1.81669e+06; -0.899599 -0.0236263 -0.436077 3293.83];


